-0.050283346163761 1.04799610257126 2.23533152284157 0.952857740719709
0.54039483299638 0.97693230206685 1.78627486020078 0.412204672615268
0.1038767666312 0.957561073490947 1.84780828458864 0.784053248750415
-0.308633507735129 0.936983773971252 1.71491866666957 1.12125244685159
0.0771469161739846 1.00427920317272 2.0289564348962 1.15475125624864
0.0279197889269129 0.0985963915716173 2.14552278397824 1.07822601344996
0.0837625634443121 1.68217458006989 1.76485658662906 0.288039574247725
0.284445333788159 1.08378774361552 1.79533754760462 1.24101787021737
0.127894317566349 1.03774688148035 2.05892407775879 1.21379283499012
0.296303206179786 0.75792527888528 2.22574114968587 1.21315279265018
0.244991491198948 0.842944026821234 2.33886073795055 0.863413392700824
0.332017875672593 0.571143387466141 1.89456714916003 0.376819270421661
0.282447583019969 0.65318597795908 2.38865159227363 0.581135333433182
-0.75720793058493 1.11930196633083 1.70765439388868 1.19898820850677
-0.0944953011391353 1.25411578314629 1.96260002191004 1.70629016909932
-0.429233443080745 1.1740420602002 2.1740790512397 1.30111236257369
-0.289331657475145 0.721651927552879 1.73151393937214 1.15840111366778
-0.127646732037478 1.14434537113796 2.02843460642093 1.14053595240098
0.0743893991080701 1.45323612282636 1.65758335107174 1.3806928159249
0.170620176387316 1.50391778703752 1.49851699747187 1.33750984082103
-0.305384677921433 1.75540356568318 1.5227232288949 1.07554726551757
0.129179501007769 1.13978050855232 2.47023214051019 0.941105753977657
-0.507973451237005 1.24138626462402 1.99704152051997 1.17602690490167
0.373136483593063 1.47040599050694 1.31651360654997 1.30078324488801
0.255167895423803 1.00562426642048 1.7137420448079 1.20322353506316
0.408780827185864 1.10235716058566 1.39781702790683 1.80796489068623
0.0896951513345787 1.47609248386526 1.94282952351947 0.874480324672612
-0.411849478300979 1.09674003966037 1.9412346444625 0.882710123392543
-0.0971576576982435 0.937887443468325 1.57315627067215 1.43105688514838
-0.426798920260195 0.933255339578879 1.75927233656888 0.914842325336139
0.538412254125208 0.228118178680822 2.16741997071607 1.01554514839734
1.2372338749679 -0.0218706347951124 1.57413867682492 1.00012560955204
0.872788907668643 0.4512199524841 1.9355085837316 1.03988030582216
0.719853723036863 -0.116769920324412 1.71761385287728 1.25190888861373
0.930843867621939 0.125727408630378 2.04455567894228 0.865843047895554
0.925802854871345 0.413950643151483 1.73989696574905 1.60358367710623
1.29343951112962 -0.221610799177758 1.97356457167642 0.864341021509168
0.902949462478139 0.140532792205502 2.38826192908692 1.02590751748441
0.855661378813375 0.349054358346043 1.87926931248555 1.02970827489292
1.02406552247502 -0.119744611472443 2.23392008934253 1.09772248053622
0.73480920527477 -0.438753333425098 2.32522861026139 1.2108295048607
1.11852467531331 0.415940795542452 1.81059994758854 1.05923995917546
0.525637266922347 -0.528534667834675 1.89436794339664 0.913976412499164
0.708500798034447 -0.282343889794771 1.39350032787202 0.8455353324828
1.11097589242187 0.0180720090157462 1.49281586413781 1.44786968390356
0.918893249971021 0.395950155004107 1.58523118928758 1.19664399100678
0.344988126512546 -0.166567086164326 2.35697020173349 1.20233229598728
0.938065913311656 -0.565733019100453 2.0879682036902 0.735173813696097
0.974530366065744 0.217308215495795 2.11073431539614 1.21078560918065
1.11257342544635 0.021873783189512 1.62039164428528 1.33041829887416
0.747235593126652 -0.0531692560010977 1.80862197714183 1.15204547449378
1.04992802080659 -0.287822128204119 2.06268494926336 0.637457059127469
0.411599941261697 -0.178836206898703 2.33439376330181 1.16838860186159
1.54041387028555 0.42262257253646 2.26781579032067 0.878128532993507
1.51426653093747 -0.0302054130476238 2.28767491937145 1.17522085973707
0.772339234650893 -0.100328030921445 2.20226414256783 1.15520312121289
1.2018254010376 -0.713338197759669 2.16930805559977 1.46063660006575
1.19837256659851 0.571623427883174 1.63523489757172 1.08181598434057
1.00281806209297 -0.186226807744573 2.43803120777655 0.808694593774105
0.352818713718664 -0.42878305174686 1.80839322811779 1.01471323491776
1.72850752991561 0.525945037448168 0.526101997901728 0.88797304907912
2.02989401219482 1.30715567919924 0.908085293987022 0.788307195336245
2.26359690940698 1.12562639060604 0.414509087138309 1.16134939040873
1.23433534485687 0.593407147985267 -0.165878155255669 1.3559134673764
2.07565780622771 0.533378188060764 -0.43495097423288 1.09779363734366
1.96621432852915 1.09804067734368 -0.0539804941141383 1.58378311002336
1.82953108850646 0.992319308715669 -0.0890249248894018 0.750561382903379
1.71201664390407 1.11243588056962 -0.228514281500004 0.719855080962631
2.54240924001201 0.945942022184806 0.534948980926336 1.44381501643442
2.26005740495979 1.39486494061513 0.0757372949023728 0.82865629070354
1.96046160899102 0.895515167665939 0.200981972269055 0.978923534761077
2.23889472385138 0.809729014389457 0.227811480334064 0.961784230861011
2.20618049004182 1.15692327049397 -0.00137983098065404 1.23670673390896
2.36488535401971 1.29582144074982 -0.00313631785510129 1.31304475392756
1.84203502459787 1.28620459763289 -0.272827802784925 1.53461085852412
1.87796509365213 1.32095029974628 -0.0456995461482417 1.13107623291718
2.56183613276336 1.51231321471463 -0.584536752495252 0.802090066294079
2.14032442534353 1.16684507577509 0.205924331192806 0.621339221294428
2.41611869174839 0.836504463561824 0.140870129099176 1.66882095527304
2.55709862201361 1.38205693915207 -0.305329701710578 0.880641289300784
1.60992491219499 1.22173388533139 0.0379566235917443 1.25373589507977
1.56197318965773 1.03721888859897 -0.00642683153748401 0.548871961301998
1.69133340725082 1.33990383233795 0.2877201594278 0.795837387658483
2.1453129282299 1.41454100286125 0.00110005059329062 0.825476569699333
1.97186684339105 1.39992335397884 0.612736461423005 1.65243016067386
1.97899510100532 1.17347405188541 0.0786538376704468 0.67449383147167
2.05212863206208 0.831895516118542 -0.00534027065369126 1.4269768460256
1.96120527715017 1.3729003985211 0.287928911867965 0.357662858025329
1.82690056672443 1.5588076797158 -0.011668622701072 1.16795600763748
1.85854244069818 1.0510489270707 0.634853454438748 1.17189881623672
1.96712931904058 1.08732463547779 0.0010039597729447 1.25336235564873
2.22164010885582 0.940483700440277 0.0197417806483731 0.829077662876
2.05537548844144 1.08850016440643 0.442355125093303 0.794149650397225
2.04368476307456 0.960981155329672 -0.549506760905501 0.783496570630753
1.67025083563427 0.626288997849013 -0.0204216726049254 0.784630683579992
2.15750409956253 1.4631384948588 -0.477463829790801 1.04326407450159
1.99973000355698 0.972370826304207 -0.0202309399092695 0.775265834445762
2.39957537192461 0.516076505581359 0.299401877771737 1.6670483923264
1.87713332307439 1.32774751254087 0.162172337388434 1.11175063389897
2.08600299396083 0.800642490698211 -0.0641990095969051 1.31038927351638
